885975
869472
887373
894774
894067
896879
902242
899885
888678
856766
896778
905147
898176
878877
871762
852455
904044
894673
992673
889579
880157
856463
884064
849264
877168
845458
891667
878776
871964
877269
873968
870861
856968
901038
882161
901139
861456
867468
872158
857263
849971
865363
872562
886674
994273
991267
859671
901442
844961
872764
932554
987074
933253
926862
955465
947668
971160
983773
965771
992774
930449
990366
927359
912447
923755
952863
996782
907656
958976
942658
989987
957974
911849
970764
922854
908860
919966
917255
966975
917558
937160
962058
965367
969476
943862
910443
979984
951457
959574
984472
978578
993675
987983
